6778319429131917573
3168625241111155304
-6140263575389622237
6402369712787569947
-7601650727094336728
-514192499531994722
6256672535270351163
-1906346601910391509
164313329202369095
-5375588378614452031
8143849348475607501
-1073313026327502314
6962933826155696886
-351572978230444085
1601966689507965415
-5795931628185979679
-3312193429192001960
-2203494334225451157
7500509620417788775
-3702798871959200123
-6815245511455600471
-3853626456854617212
3551703718357391490
4915015637636235886
-399845654219348042
4289139083462602156
-6216675066684800449
5630786832380725501
-4258022539870678688
-3722468360800116818
-3418198554113841414
2627882424238819848
1974917811409707549
4940298609312708104
-5432251462877853470
-5114053149573150891
-7351273892115387529
-3847850217996778898
-1320710929217461126
179005367882692386
1099697228767742603
-6723854768190906811
8912839133872416539
7319984621581131424
-1059653106021595510
6593763089423166761
4244844251269379441
-2047348954290848653
6140713194558521147
7967732122086600551
2186361037877903866
2524762096374661940
1105519970510039927
5380366458838525059
7800040627016151947
2043910110677804015
1105783842413815724
8565590240212401588
5365514366578105290
3456156578294704293
191354731917956187
-211124317672071069
196741913491832244
-5783813047369687349
-4236271341647969125
-7858008871593658192
-8544354423593868263
8232627731440931274
3397438682057325715
635974538013875181
-341538651566389221
-2735930276034243203
6642010399554863107
6765875308101434144
-509030174426101837
-2913036581200371530
-6946065098658107204
8768037227189495173
127750797325184044
-3377573796777281608
-696446680734794461
-951718074030367990
3515586741394178214
532077542580037310
-1275770324275814734
8884036842106367698
706530533310953620
183090881433078899
-6263941399323531145
-8989876552483718733
6232193082979673662
-3500765617282812807
-3044051727050922604
7080524952445115576
7886796054622011712
6383360774954959330
4343245724478080957
-2222065076681190497
-6932645546619257591
-885429859651376710
